lockRoll=[0.3, 0.2, 9, 0.06, 1, 1]
lockYawForward=[1.5, 1.5, 12, 0.25, 20, 20]
lockDepth=[0.7, 4.0, 6, 0.1, 2, 2]
autoYawBackward=[4.0, 1.8, 5, 0.7, 30, 30]
joyRoll=[0.6, 0.2, 9, 0.06, 1, 1]
autoRoll=[0.3, 0.2, 9, 0.06, 1, 1]
autoZ=[0.7, 0.2, 10, 0.5, 1, 1]
lockZ=[0.7, 0.2, 10, 0.5, 1, 1]
joyDepth=[0.7, 4.0, 6, 0.1, 1, 1]
joyYawForward=[2.2, 2.0, 21, 0.02, 25, 25]
autoPitch=[1.0, 1.0, 15, 0.1, 5, 5]
autoDepth=[0.7, 4.0, 6, 0.1, 2, 2]
autoX=[0.7, 0.2, 10, 0.5, 1, 1]
autoYawForward=[1.5, 2.0, 12, 0.25, 20, 20]
joyPitch=[1.7, 0.2, 18, 0.01, 5, 5]
lockYawBackward=[4.0, 1.8, 5, 0.7, 30, 30]
lockX=[0.7, 0.2, 10, 0.5, 1, 1]
lockPitch=[1.0, 1.0, 15, 0.1, 5, 5]
